[[ nan  nan  nan  nan  nan  nan  nan  nan  nan  nan  nan]
 [0.72 0.22 0.03 0.   0.   0.   0.   0.02 0.   0.   0.  ]
 [0.63 0.   0.31 0.01 0.   0.   0.03 0.02 0.   0.   0.  ]
 [0.63 0.   0.07 0.25 0.   0.   0.   0.05 0.   0.   0.  ]
 [0.84 0.   0.   0.   0.16 0.   0.   0.   0.   0.   0.  ]
 [0.92 0.   0.   0.   0.   0.05 0.   0.03 0.   0.   0.  ]
 [0.85 0.   0.   0.01 0.   0.   0.12 0.02 0.   0.   0.  ]
 [0.56 0.   0.   0.01 0.   0.   0.02 0.42 0.   0.   0.  ]
 [0.83 0.   0.   0.   0.   0.   0.08 0.08 0.02 0.   0.  ]
 [0.79 0.   0.   0.05 0.   0.   0.   0.   0.   0.16 0.  ]
 [0.87 0.   0.   0.   0.   0.   0.   0.04 0.   0.   0.09]]
{0: 'O', 1: 'company', 2: 'facility', 3: 'geo-loc', 4: 'movie', 5: 'musicartist', 6: 'other', 7: 'person', 8: 'product', 9: 'sportsteam', 10: 'tvshow'}