        0      1      2      3      4      5      6      7      8      9       10     11     12     13     14     15     16     17     18     19
0 [[    0.     0.     0.     0.     0.     0.     1.     0.     0.     0.      0.     0.     0.     0.     1.     0.     0.     0.     0.     0.]
1  [    0.  1571.     1.     0.     0.     8.     0.     0.   159.     0.      0.     1.     0.     0.     0.     0.     0.     0.     0.     0.]
2  [    0.    14. 31363.  1692.    82.   115.     0.     3.    47.    19.      1.   314.     0.     0.   174.     6.     7.    55.    73.   103.]
3  [    0.     8.   812.  6018.    61.     1.     0.     0.    10.    25.      0.   105.     0.     0.    63.     1.     0.     1.     1.    22.]
4  [    0.     0.     3.     0.   412.     0.     0.     0.    12.     0.      0.     1.     0.     0.     0.     0.     0.     0.     2.     0.]
5  [    0.     9.   143.    23.     0. 17404.     0.     1.     7.     0.      0.    74.     0.     0.     3.     3.    30.     0.     1.     0.]
6  [    0.     0.    74.     4.     0.     4. 13834.     0.     0.     0.      0.     8.     0.     0.     2.     0.     0.     0.     0.     0.]
7  [    0.     0.     0.     0.     0.     0.     0.     0.     0.     0.      0.     0.     0.     0.     0.     0.     0.     0.     0.     0.]
8  [    0.   256.     4.     0.    57.    24.     0.     0.  2180.     0.      0.     4.     0.     0.     0.     0.     0.     0.    12.     1.]
9  [    0.     0.     0.     0.     0.     0.     0.     0.     0.     7.      0.     0.     0.     0.     0.     0.     0.     0.     0.     0.]
10 [    0.     0.     0.     0.     0.     0.     0.     0.     0.     0.     18.     0.     0.     0.     0.     0.     0.     0.     0.     0.]
11 [    0.     0.     1.    12.     5.    27.     0.     0.     1.     0.      0.   581.     0.     0.     0.     5.     0.     0.    14.     0.]
12 [    0.     0.     0.     0.     0.     0.     0.     0.     0.     0.      0.     0.     0.     0.     0.     0.     0.     0.     0.     0.]
13 [    0.     0.     0.     0.     0.     0.     0.     0.     0.     0.      0.     0.     0.     0.     0.     0.     0.     0.     0.     0.]
14 [    0.     0.   846.   451.     0.     0.     0.     1.     0.     5.      0.     8.     0.     0.  7337.     0.     0.     0.     0.     0.]
15 [    0.     0.     0.     0.     0.     0.     0.     0.     0.     0.      0.     0.     0.     0.     0.     0.     0.     0.     0.     0.]
16 [    0.     0.     0.     0.     0.     0.     0.     0.     0.     0.      0.     0.     0.     0.     0.     0.   110.     0.     0.     0.]
17 [    0.     0.     0.     0.     0.     0.     0.     0.     0.     0.      0.     0.     0.     0.     0.     0.     0.     8.     0.     0.]
18 [    0.     0.     2.     0.     0.     0.     0.     0.     0.     0.      0.     1.     0.     0.     0.     0.     0.     0.     0.     0.]
19 [    0.     0.   446.    48.     0.    16.     0.     0.     7.     0.      1.     6.     0.     0.     8.     0.     0.     0.     0. 15977.]]

 {'INT': 0, 'DET': 1, 'N': 2, 'ADJ': 3, 'QUA': 4, 'CON': 5, 'DELM': 6,
  'PS': 7, 'PRO': 8, 'MORP': 9, 'PP': 10, 'ADV': 11, 'END': 12, 'START': 13,
  'V': 14, 'MQUA': 15, 'IF': 16, 'MS': 17, 'SPEC': 18, 'P': 19}



